300.00	1.4726799690834E-6
301.00	1.0000000133514E-10
302.00	4.8519399342695E-7
303.00	1.966240006368E-7
304.00	6.9609899355783E-7
305.00	1.0000000133514E-10
306.00	3.9446399568988E-7
307.00	4.2029199676108E-7
308.00	8.3712899368038E-7
309.00	1.0000000133514E-10
310.00	6.660000053671E-7
311.00	7.57885004532E-7
312.00	4.336469885402E-7
313.00	3.1673098987994E-7
314.00	8.4890700691176E-7
315.00	3.6147199011793E-7
316.00	7.7102998830014E-7
317.00	5.2714102594109E-7
318.00	9.7457098036102E-7
319.00	5.6742999277049E-7
320.00	4.334739855949E-8
321.00	7.1009202429195E-7
322.00	7.021100145721E-7
323.00	1.0000000133514E-10
324.00	4.1599798805692E-7
325.00	8.773300237408E-7
326.00	5.3724801318822E-7
327.00	5.5028198175933E-7
328.00	9.5592804427724E-7
329.00	8.2270497614445E-7
330.00	7.9917600714907E-7
331.00	1.131589968395E-7
332.00	1.0496499953661E-6
333.00	3.5694100120054E-7
334.00	5.6977597751029E-7
335.00	5.5840100543492E-8
336.00	5.919629870732E-7
337.00	1.5795200170032E-7
338.00	3.158050105867E-7
339.00	7.1952598545977E-7
340.00	3.6475000797509E-7
341.00	4.1168900111188E-7
342.00	7.6024298323318E-7
343.00	7.9703801247888E-7
344.00	3.1652999155085E-7
345.00	8.8896200622912E-7
346.00	4.7937902536432E-7
347.00	1.395220010636E-7
348.00	8.3238802517371E-7
349.00	1.0000000133514E-10
350.00	1.7014400555126E-7
351.00	3.5195199643567E-7
352.00	2.3310100516483E-7
353.00	3.9403599316756E-7
354.00	6.9000600433355E-7
355.00	6.902719746904E-7
356.00	4.6958999178059E-7
357.00	2.8926899631188E-7
358.00	2.6839998668038E-7
359.00	5.1859399263776E-7
360.00	3.1937199196364E-7
361.00	2.1807500161231E-7
362.00	5.2186499033269E-7
363.00	5.3855399073655E-7
364.00	3.2272299677061E-7
365.00	5.6852701391108E-7
366.00	2.1365799796058E-7
367.00	4.8661200935385E-7
368.00	3.4718499364317E-7
369.00	6.2696699387743E-7
370.00	6.0541401580849E-7
371.00	3.1360801244773E-7
372.00	2.9035999205007E-7
373.00	2.8095800530537E-7
374.00	4.459350009256E-7
375.00	4.6928698793636E-7
376.00	9.0717600187418E-7
377.00	4.6537999764951E-7
378.00	1.0149899480894E-6
379.00	7.1285199965132E-7
380.00	4.0458201056026E-7
381.00	8.5305498487287E-7
382.00	9.9665896868828E-7
383.00	4.8036497446446E-7
384.00	5.524220227926E-7
385.00	8.5292202811615E-7
386.00	5.2610397460739E-7
387.00	4.8536401209276E-7
388.00	5.9409700270407E-7
389.00	4.0926801148089E-7
390.00	4.1730498878678E-7
391.00	3.7806898944837E-7
392.00	3.8052598938521E-7
393.00	7.1560202741239E-7
394.00	7.6280701932774E-7
395.00	7.6479398103402E-7
396.00	6.7481198584574E-7
397.00	6.1458899835998E-7
398.00	5.3261101129465E-7
399.00	1.1567999536055E-6
400.00	1.7968400243262E-6
401.00	5.7849399581755E-7
402.00	5.7515200069247E-7
403.00	3.2202399324888E-7
404.00	6.252740263335E-7
405.00	1.4613000303143E-6
406.00	1.5577400063194E-6
407.00	1.0300600479241E-6
408.00	8.605709922449E-7
409.00	8.3543500295491E-7
410.00	1.8058799469145E-6
411.00	2.5406300210307E-6
412.00	1.6137199736477E-6
413.00	8.7510397861479E-7
414.00	9.9841997780459E-7
415.00	1.0018900411524E-6
416.00	1.538020001135E-6
417.00	2.3131499347073E-6
418.00	2.0819200017286E-6
419.00	2.4783000753814E-6
420.00	3.4313400192332E-6
421.00	2.2964600248088E-6
422.00	1.2207100326123E-6
423.00	1.324239974565E-6
424.00	8.267689963759E-7
425.00	7.0528102469325E-7
426.00	5.0670701057243E-7
427.00	6.8493102389766E-7
428.00	6.9809698288736E-7
429.00	6.1188001154733E-7
430.00	3.3819898703769E-7
431.00	5.411559982349E-7
432.00	5.0864400691353E-7
433.00	4.1138699202747E-7
434.00	2.2607000005337E-7
435.00	4.2922300735881E-7
436.00	4.9351200459569E-7
437.00	6.3623400592405E-7
438.00	5.9214102066107E-7
439.00	5.3112700015845E-7
440.00	5.1099601705573E-7
441.00	4.5032601292405E-7
442.00	3.4085499578396E-7
443.00	4.6584099777647E-7
444.00	4.0981399251905E-7
445.00	3.6438601114241E-7
446.00	3.4282899719074E-7
447.00	3.304579934138E-7
448.00	3.0698600994583E-7
449.00	4.820009849027E-7
450.00	5.1157400093871E-7
451.00	8.1153899600395E-7
452.00	1.0071800033984E-6
453.00	1.0293999821442E-6
454.00	9.075350249077E-7
455.00	9.3182700311445E-7
456.00	1.8421300183036E-6
457.00	1.6708800103515E-6
458.00	6.7137199266654E-7
459.00	5.5567198842255E-7
460.00	5.2504202585624E-7
461.00	2.0387099652908E-7
462.00	4.6124898744893E-7
463.00	4.5479100663215E-7
464.00	4.6714899326616E-7
465.00	6.0045101690775E-7
466.00	1.0495100468688E-6
467.00	1.4154700238578E-6
468.00	1.2075299764547E-6
469.00	9.0020802190338E-7
470.00	6.1697102182734E-7
471.00	3.8836100202388E-7
472.00	4.0732300021773E-7
473.00	4.8568102783975E-7
474.00	4.8762700544103E-7
475.00	5.6473800214007E-7
476.00	4.6156401367625E-7
477.00	4.5038899543215E-7
478.00	5.2519101245707E-7
479.00	6.8572802547351E-7
480.00	9.931560498444E-7
481.00	1.7433600305594E-6
482.00	2.8387898964866E-6
483.00	1.7168899830722E-6
484.00	7.0715202582505E-7
485.00	5.4018499895392E-7
486.00	3.4216898825434E-7
487.00	3.6053501162314E-7
488.00	3.3248500130867E-7
489.00	3.5922801089328E-7
490.00	3.2668000926606E-7
491.00	3.6838699202235E-7
492.00	4.3518801362552E-7
493.00	4.3032500229856E-7
494.00	4.955970211995E-7
495.00	8.7392697878386E-7
496.00	2.4993300939968E-6
497.00	5.9813901316375E-6
498.00	3.7232300655887E-6
499.00	1.164769969364E-6
500.00	5.9868699509025E-7
501.00	4.5452898689291E-7
502.00	3.7997500612619E-7
503.00	3.6395201163941E-7
504.00	4.0587400462755E-7
505.00	4.2211999584651E-7
506.00	3.8672101254633E-7
507.00	5.9175897604291E-7
508.00	3.0351400255313E-6
509.00	1.0350099728385E-5
510.00	2.1529899640882E-6
511.00	4.325839881858E-7
512.00	2.2416199385589E-7
513.00	2.1547499784447E-7
514.00	1.8475900276371E-7
515.00	3.7818298892489E-7
516.00	2.1000199978971E-7
517.00	2.6357099613961E-7
518.00	3.0882799251231E-7
519.00	2.5651399937487E-7
520.00	3.0531299444192E-7
521.00	2.6247900564158E-7
522.00	2.7850899186888E-7
523.00	2.927600064595E-7
524.00	1.7823499831593E-7
525.00	2.2184299552919E-7
526.00	2.9983098670527E-7
527.00	3.1572099601362E-7
528.00	2.5014699644998E-7
529.00	2.9460500172718E-7
530.00	2.830250025454E-7
531.00	2.3121400261061E-7
532.00	2.1335499411634E-7
533.00	2.8078599711989E-7
534.00	2.7135899927089E-7
535.00	3.0142999207783E-7
536.00	3.0796800842836E-7
537.00	2.0568100467244E-7
538.00	2.2863800097639E-7
539.00	2.9058298878226E-7
540.00	2.8500400617304E-7
541.00	1.6505100575159E-7
542.00	3.9941500062923E-7
543.00	2.3958099859556E-7
544.00	2.4826599087646E-7
545.00	1.4804000159074E-7
546.00	2.4794701403152E-7
547.00	2.7534099444892E-7
548.00	3.2470899213877E-7
549.00	2.0610599449356E-7
550.00	1.9159500652677E-7
551.00	2.6577299649944E-7
552.00	2.4392500108661E-7
553.00	1.5790500640378E-7
554.00	2.7430800741968E-7
555.00	2.6660001140044E-7
556.00	2.9121500233487E-7
557.00	1.9658600081129E-7
558.00	2.5584699869796E-7
559.00	2.8218400416335E-7
560.00	2.6773400918501E-7
561.00	2.5734999553606E-7
562.00	2.6375201400697E-7
563.00	2.8426100584511E-7
564.00	1.8556700354111E-7
565.00	2.675390078366E-7
566.00	1.9111399751637E-7
567.00	3.5755098792833E-7
568.00	1.9261399586412E-7
569.00	3.1398698752128E-7
570.00	3.2891799151002E-7
571.00	3.7244100781209E-7
572.00	3.422429983857E-7
573.00	1.8242100452426E-7
574.00	2.8526599749057E-7
575.00	3.5047298752033E-7
576.00	4.421239907515E-7
577.00	3.2893998991312E-7
578.00	3.5445199841888E-7
579.00	3.2467900723532E-7
580.00	3.2299999475072E-7
581.00	1.7116299488862E-7
582.00	2.6694300458985E-7
583.00	2.4595800596217E-7
584.00	2.9742099627583E-7
585.00	3.4583999308779E-7
586.00	3.6591600860447E-7
587.00	4.2095700791833E-7
588.00	3.7092800653227E-7
589.00	2.6781501105688E-7
590.00	2.8996899459344E-7
591.00	3.4667300496949E-7
592.00	4.0364599840359E-7
593.00	4.6286899646475E-7
594.00	3.8977100302873E-7
595.00	5.4049098707765E-7
596.00	3.8596701301685E-7
597.00	4.7173600137285E-7
598.00	4.4965500478611E-7
599.00	4.7273098857659E-7
600.00	5.3822498102818E-7
601.00	5.7601698699727E-7
602.00	4.5460299702427E-7
603.00	6.0903602161488E-7
604.00	5.0657001793297E-7
605.00	6.8741701397812E-7
606.00	7.4737999966601E-7
607.00	7.8644802670169E-7
608.00	7.9550801501682E-7
609.00	6.9022598836455E-7
610.00	5.9509801531021E-7
611.00	5.6416899951728E-7
612.00	7.1572799242858E-7
613.00	1.0200600399912E-6
614.00	1.1071699645981E-6
615.00	7.8567097716586E-7
616.00	6.478509817498E-7
617.00	6.9566300453516E-7
618.00	9.393659752277E-7
619.00	1.3037699773122E-6
620.00	1.3342900047064E-6
621.00	1.3601800219476E-6
622.00	1.7871899444799E-6
623.00	2.0612699245248E-6
624.00	2.1171699700062E-6
625.00	7.4402402105989E-7
626.00	2.5961401206587E-7
627.00	1.286960014113E-7
628.00	1.9154299479851E-7
629.00	1.4910999368567E-7
630.00	1.6838799865582E-7
631.00	1.1984400316578E-7
632.00	1.9935899331358E-7
633.00	1.5603200154146E-7
634.00	1.6316499795721E-7
635.00	1.3578899427102E-7
636.00	1.762419969964E-7
637.00	1.3146099320238E-7
638.00	1.0367899960784E-7
639.00	1.3696100609195E-7
640.00	6.0701701443122E-8
641.00	9.2699700360299E-8
642.00	1.2981099928311E-7
643.00	6.9366201671528E-8
644.00	1.3821100708356E-7
645.00	1.9393499428588E-7
646.00	1.6893099541448E-7
647.00	9.2173301879939E-8
648.00	1.64816995607E-7
649.00	1.4602800035846E-7
650.00	1.2427800299974E-7
651.00	2.0084300444978E-7
652.00	1.3928399766883E-7
653.00	1.172710000219E-7
654.00	1.4552399818513E-7
655.00	1.4839899620256E-7
656.00	1.0510500203509E-7
657.00	1.4834900241567E-7
658.00	1.7472399349572E-7
659.00	1.3555400357745E-7
660.00	1.2845100627601E-7
661.00	1.4494800382181E-7
662.00	1.4551000049323E-7
663.00	1.515460041901E-7
664.00	1.2160600704192E-7
665.00	1.4861700492474E-7
666.00	1.9757600000503E-7
667.00	1.677649947851E-7
668.00	1.3979000357267E-7
669.00	1.0824700069634E-7
670.00	1.7112499506311E-7
671.00	1.0535799788158E-7
672.00	1.4895199740295E-7
673.00	5.073840014802E-8
674.00	1.1017600343166E-7
675.00	1.5622400439952E-7
676.00	1.6374400502173E-7
677.00	1.6188799634165E-7
678.00	7.0272896834922E-8
679.00	7.187659889496E-8
680.00	2.721739917888E-7
681.00	1.2886600586626E-7
682.00	2.1763000290775E-7
683.00	1.517630039416E-7
684.00	2.8093600690227E-7
685.00	1.3470899773438E-7
686.00	1.4889900512571E-7
687.00	1.2811599958695E-7
688.00	1.8927299549887E-7
689.00	2.3157799944329E-7
690.00	1.9634400416635E-7
691.00	2.5897199407154E-7
692.00	1.7259100104638E-7
693.00	1.2159499362951E-7
694.00	7.0868701129712E-8
695.00	4.1188800992131E-7
696.00	1.5027700328574E-7
697.00	1.0505299741226E-7
698.00	1.8222000619517E-7
699.00	3.273669904047E-7
700.00	2.9834200176992E-7
701.00	7.845699911968E-8
702.00	1.8811499558069E-7
703.00	1.0414599671549E-7
704.00	1.5059900704273E-7
705.00	1.654899932646E-7
706.00	3.7993601154085E-7
707.00	1.8662200318431E-7
708.00	1.8002600654654E-7
709.00	2.1980299891311E-7
710.00	5.023860012443E-7
711.00	7.5466300586413E-7
712.00	1.8507299728299E-6
713.00	5.2668601711048E-6
714.00	1.6375299310312E-5
715.00	5.9633901400957E-5
716.00	0.00025427399668843
717.00	0.0012584900250658
718.00	0.0076982299797237
719.00	0.060931801795959
720.00	0.36679700016975
721.00	0.8362450003624
722.00	0.95322102308273
723.00	0.96378600597382
724.00	0.97554701566696
725.00	0.97239398956299
726.00	0.96597099304199
727.00	0.96624797582626
728.00	0.97121697664261
729.00	0.97653901576996
730.00	0.97918999195099
731.00	0.96859902143478
732.00	0.96323198080063
733.00	0.95617198944092
734.00	0.96274900436401
735.00	0.96079301834106
736.00	0.96819698810577
737.00	0.97182500362396
738.00	0.97332000732422
739.00	0.9770280122757
740.00	0.97711598873138
741.00	0.97956001758575
742.00	0.98254698514938
743.00	0.98461598157883
744.00	0.9847229719162
745.00	0.98513197898865
746.00	0.98114800453186
747.00	0.98107898235321
748.00	0.98079198598862
749.00	0.97777897119522
750.00	0.97215300798416
751.00	0.97216999530792
752.00	0.96949899196625
753.00	0.98216098546982
754.00	0.96560198068619
755.00	0.95794200897217
756.00	0.96098601818085
757.00	0.96563899517059
758.00	0.96337699890137
759.00	0.94021600484848
760.00	0.88966798782349
761.00	0.58557498455048
762.00	0.29109200835228
763.00	0.12581600248814
764.00	0.062047600746155
765.00	0.014683299697936
766.00	0.0019882000051439
767.00	0.00044055000762455
768.00	0.00013639699318446
769.00	4.7570800234098E-5
770.00	1.5888399502728E-5
771.00	3.3305600481981E-6
772.00	1.0000000133514E-10
773.00	1.0000000133514E-10
774.00	1.0000000133514E-10
775.00	1.0000000133514E-10
776.00	1.0000000133514E-10
777.00	2.0693601072708E-6
778.00	1.0000000133514E-10
779.00	1.0000000133514E-10
780.00	1.0000000133514E-10
781.00	1.0000000133514E-10
782.00	1.0000000133514E-10
783.00	1.0000000133514E-10
784.00	9.676939498604E-7
785.00	1.0000000133514E-10
786.00	1.0000000133514E-10
787.00	1.0000000133514E-10
788.00	1.0000000133514E-10
789.00	1.0000000133514E-10
790.00	2.691049871828E-7
791.00	4.0993100469677E-8
792.00	1.0000000133514E-10
793.00	1.0000000133514E-10
794.00	1.0000000133514E-10
795.00	1.1420499959058E-6
796.00	1.0000000133514E-10
797.00	1.0000000133514E-10
798.00	1.0000000133514E-10
799.00	7.4366397484482E-8
800.00	1.0000000133514E-10
801.00	1.0000000133514E-10
802.00	1.0000000133514E-10
803.00	1.0000000133514E-10
804.00	1.0000000133514E-10
805.00	1.0000000133514E-10
806.00	1.0000000133514E-10
807.00	4.0646700227853E-8
808.00	1.0000000133514E-10
809.00	1.0000000133514E-10
810.00	1.0000000133514E-10
811.00	1.0000000133514E-10
812.00	1.0000000133514E-10
813.00	1.0000000133514E-10
814.00	1.0000000133514E-10
815.00	1.0000000133514E-10
816.00	4.6000698716853E-7
817.00	1.0000000133514E-10
818.00	1.0000000133514E-10
819.00	8.5159399532131E-7
820.00	5.8784502243725E-7
821.00	1.0000000133514E-10
822.00	1.0000000133514E-10
823.00	1.0000000133514E-10
824.00	1.0000000133514E-10
825.00	1.0000000133514E-10
826.00	4.5994900688129E-7
827.00	1.0000000133514E-10
828.00	8.258380148618E-7
829.00	1.0000000133514E-10
830.00	1.0000000133514E-10
831.00	1.0000000133514E-10
832.00	1.0000000133514E-10
833.00	1.0000000133514E-10
834.00	1.0000000133514E-10
835.00	1.0000000133514E-10
836.00	1.0000000133514E-10
837.00	6.0269900359344E-7
838.00	1.0000000133514E-10
839.00	6.0234401644266E-7
840.00	1.0000000133514E-10
841.00	1.0000000133514E-10
842.00	3.2128698990164E-7
843.00	1.0000000133514E-10
844.00	1.0000000133514E-10
845.00	1.0000000133514E-10
846.00	1.0000000133514E-10
847.00	1.0000000133514E-10
848.00	1.4154299954328E-8
849.00	1.447160002499E-6
850.00	1.0000000133514E-10
851.00	1.7302299966104E-6
852.00	1.0000000133514E-10
853.00	1.0000000133514E-10
854.00	1.0000000133514E-10
855.00	1.0000000133514E-10
856.00	1.0000000133514E-10
857.00	1.0000000133514E-10
858.00	1.0000000133514E-10
859.00	1.0000000133514E-10
860.00	1.0000000133514E-10
861.00	2.9164701231821E-7
862.00	1.0000000133514E-10
863.00	1.0000000133514E-10
864.00	7.0956099307296E-7
865.00	1.0000000133514E-10
866.00	1.0000000133514E-10
867.00	2.3479199739995E-7
868.00	1.0067600442198E-6
869.00	1.0000000133514E-10
870.00	1.0000000133514E-10
871.00	4.2715498693724E-8
872.00	1.0000000133514E-10
873.00	1.0000000133514E-10
874.00	1.0000000133514E-10
875.00	1.0000000133514E-10
876.00	1.0000000133514E-10
877.00	1.0000000133514E-10
878.00	1.0000000133514E-10
879.00	1.0000000133514E-10
880.00	1.0000000133514E-10
881.00	1.0000000133514E-10
882.00	1.0000000133514E-10
883.00	4.0936998857433E-7
884.00	1.0000000133514E-10
885.00	1.0000000133514E-10
886.00	8.6916401187409E-7
887.00	6.8430699684541E-7
888.00	1.0000000133514E-10
889.00	1.0000000133514E-10
890.00	1.0000000133514E-10
891.00	1.0000000133514E-10
892.00	1.0000000133514E-10
893.00	1.0000000133514E-10
894.00	1.0000000133514E-10
895.00	1.2876399750894E-6
896.00	1.0000000133514E-10
897.00	1.0000000133514E-10
898.00	1.0000000133514E-10
899.00	1.0000000133514E-10
900.00	1.0000000133514E-10
901.00	1.0000000133514E-10
902.00	1.1153100558658E-6
903.00	1.0000000133514E-10
904.00	1.0000000133514E-10
905.00	1.0000000133514E-10
906.00	9.63913976193E-7
907.00	1.0000000133514E-10
908.00	2.2119600089354E-6
909.00	1.2054499620717E-7
910.00	3.7174800127104E-7
911.00	1.0000000133514E-10
912.00	1.0000000133514E-10
913.00	1.0000000133514E-10
914.00	1.0000000133514E-10
915.00	1.0000000133514E-10
916.00	1.0000000133514E-10
917.00	1.0000000133514E-10
918.00	1.0000000133514E-10
919.00	1.0000000133514E-10
920.00	1.0000000133514E-10
921.00	1.234800038219E-6
922.00	1.0000000133514E-10
923.00	1.0000000133514E-10
924.00	1.490840020324E-7
925.00	7.2326497502218E-7
926.00	1.0000000133514E-10
927.00	1.0000000133514E-10
928.00	1.0000000133514E-10
929.00	1.5172099665506E-6
930.00	1.0000000133514E-10
931.00	1.0000000133514E-10
932.00	1.0000000133514E-10
933.00	1.0000000133514E-10
934.00	1.0000000133514E-10
935.00	1.379670067081E-7
936.00	5.1790800625895E-7
937.00	1.0000000133514E-10
938.00	1.0000000133514E-10
939.00	1.0000000133514E-10
940.00	1.0000000133514E-10
941.00	1.0000000133514E-10
942.00	1.0000000133514E-10
943.00	2.1997999510859E-7
944.00	1.0000000133514E-10
945.00	8.1144997921001E-7
946.00	1.0000000133514E-10
947.00	1.0000000133514E-10
948.00	1.0000000133514E-10
949.00	1.0000000133514E-10
950.00	1.0000000133514E-10
951.00	1.0000000133514E-10
952.00	9.6608005151211E-7
953.00	1.0000000133514E-10
954.00	1.0000000133514E-10
955.00	1.0000000133514E-10
956.00	1.0000000133514E-10
957.00	1.0000000133514E-10
958.00	1.9741699475162E-7
959.00	1.0000000133514E-10
960.00	3.3094198670369E-7
961.00	1.0000000133514E-10
962.00	1.0000000133514E-10
963.00	1.0000000133514E-10
964.00	1.0000000133514E-10
965.00	2.5251299007323E-7
966.00	1.0000000133514E-10
967.00	1.0000000133514E-10
968.00	1.0000000133514E-10
969.00	1.0000000133514E-10
970.00	1.4731799637957E-6
971.00	1.0000000133514E-10
972.00	1.0000000133514E-10
973.00	1.0000000133514E-10
974.00	1.0000000133514E-10
975.00	1.0000000133514E-10
976.00	1.0596699695498E-7
977.00	1.0000000133514E-10
978.00	1.0000000133514E-10
979.00	1.0000000133514E-10
980.00	1.0000000133514E-10
981.00	1.0000000133514E-10
982.00	1.0000000133514E-10
983.00	1.0000000133514E-10
984.00	1.0000000133514E-10
985.00	1.1230599739065E-6
986.00	1.3794300457448E-6
987.00	1.0000000133514E-10
988.00	1.0000000133514E-10
989.00	1.0000000133514E-10
990.00	1.0000000133514E-10
991.00	1.0000000133514E-10
992.00	1.0000000133514E-10
993.00	1.4386199609362E-7
994.00	1.0000000133514E-10
995.00	1.0000000133514E-10
996.00	1.0000000133514E-10
997.00	1.0000000133514E-10
998.00	1.0000000133514E-10
999.00	1.0000000133514E-10
1000.00	7.1436502935285E-8
1001.00	1.0000000133514E-10
1002.00	2.2730900184342E-7
1003.00	1.0000000133514E-10
1004.00	1.0000000133514E-10
1005.00	1.0000000133514E-10
1006.00	1.0000000133514E-10
1007.00	1.0000000133514E-10
1008.00	1.0000000133514E-10
1009.00	1.0000000133514E-10
1010.00	1.0000000133514E-10
1011.00	1.0000000133514E-10
1012.00	1.0656400490916E-6
1013.00	1.0828799759111E-6
1014.00	1.0000000133514E-10
1015.00	1.0000000133514E-10
1016.00	1.0000000133514E-10
1017.00	1.0000000133514E-10
1018.00	1.0000000133514E-10
1019.00	1.0000000133514E-10
1020.00	1.0000000133514E-10
1021.00	1.0000000133514E-10
1022.00	1.0287300256095E-6
1023.00	1.0000000133514E-10
1024.00	1.0000000133514E-10
1025.00	9.5855000381562E-8
1026.00	1.5902099903542E-6
1027.00	8.0987399542209E-7
1028.00	1.0000000133514E-10
1029.00	1.0000000133514E-10
1030.00	1.0000000133514E-10
1031.00	4.838120162276E-7
1032.00	5.2742097977898E-7
1033.00	3.0811600026937E-7
1034.00	3.0300398634608E-7
1035.00	2.1293699603575E-7
1036.00	1.3600099464384E-6
1037.00	1.0000000133514E-10
1038.00	1.0000000133514E-10
1039.00	1.0000000133514E-10
1040.00	2.0657600430241E-7
1041.00	1.0000000133514E-10
1042.00	1.0000000133514E-10
1043.00	1.0000000133514E-10
1044.00	1.0000000133514E-10
1045.00	5.4929000015136E-8
1046.00	7.7816702059863E-7
1047.00	3.5786399621429E-7
1048.00	1.0000000133514E-10
1049.00	1.0000000133514E-10
1050.00	5.7989399238068E-7
1051.00	3.7810801245541E-7
1052.00	1.0000000133514E-10
1053.00	4.9783301392381E-7
1054.00	1.0000000133514E-10
1055.00	7.2884398605311E-7
1056.00	9.6317694442405E-7
1057.00	1.2036299494866E-6
1058.00	1.0000000133514E-10
1059.00	1.0000000133514E-10
1060.00	1.0000000133514E-10
1061.00	1.0000000133514E-10
1062.00	1.0319099601475E-6
1063.00	1.3629900195156E-6
1064.00	1.0000000133514E-10
1065.00	2.2032700144337E-6
1066.00	1.0460299790793E-6
1067.00	1.0000000133514E-10
1068.00	1.0000000133514E-10
1069.00	8.1125199358212E-7
1070.00	1.1941300499529E-6
1071.00	1.0000000133514E-10
1072.00	1.8701999806581E-6
1073.00	1.2278200074434E-6
1074.00	8.6063801063574E-7
1075.00	6.0147101521579E-7
1076.00	2.2140200144349E-6
1077.00	3.2119498882821E-6
1078.00	1.3982199789098E-6
1079.00	5.4198102361624E-7
1080.00	2.1917799131188E-6
1081.00	1.0216599548585E-6
1082.00	2.7064600089943E-6
1083.00	3.1018998924992E-6
1084.00	4.7439698391827E-6
1085.00	4.4490798245533E-6
1086.00	5.5138598327176E-6
1087.00	4.9600398597249E-6
1088.00	6.3799698182265E-6
1089.00	8.6949003161862E-6
1090.00	1.0002700037148E-5
1091.00	1.1193399586773E-5
1092.00	1.5809799151612E-5
1093.00	1.8580500181997E-5
1094.00	2.2325599275064E-5
1095.00	2.8807300623157E-5
1096.00	3.5609300539363E-5
1097.00	4.3601601646515E-5
1098.00	5.3347899665823E-5
1099.00	6.8781599111389E-5
1100.00	8.3922102930956E-5
1101.00	0.00010495100286789
1102.00	0.00012778499512933
1103.00	0.0001571460015839
1104.00	0.00019874899589922
1105.00	0.00023927800066303
1106.00	0.00028936899616383
1107.00	0.00035078398650512
1108.00	0.0004200309922453
1109.00	0.00050459097838029
1110.00	0.00060045399004593
1111.00	0.0007197639788501
1112.00	0.00086289702448994
1113.00	0.0010275900131091
1114.00	0.0012527599465102
1115.00	0.0015321200480685
1116.00	0.0019137100316584
1117.00	0.0023616899270564
1118.00	0.0031072800047696
1119.00	0.0041061299853027
1120.00	0.0055130901746452
1121.00	0.0078641101717949
1122.00	0.011484200134873
1123.00	0.01775199919939
1124.00	0.028515499085188
1125.00	0.05342710018158
1126.00	0.10815999656916
1127.00	0.26751300692558
1128.00	0.64300501346588
1129.00	0.87508898973465
1130.00	0.47369799017906
1131.00	0.24674199521542
1132.00	0.15752199292183
1133.00	0.11325900256634
1134.00	0.091702796518803
1135.00	0.080478698015213
1136.00	0.074355199933052
1137.00	0.071859002113342
1138.00	0.07319550216198
1139.00	0.074834398925304
1140.00	0.082671500742435
1141.00	0.091319501399994
1142.00	0.10078600049019
1143.00	0.12420900166035
1144.00	0.14962700009346
1145.00	0.174899995327
1146.00	0.22457399964333
1147.00	0.28264901041985
1148.00	0.3410040140152
1149.00	0.42443200945854
1150.00	0.52990901470184
1151.00	0.62242299318314
1152.00	0.66066098213196
1153.00	0.70112198591232
1154.00	0.72572302818298
1155.00	0.71213001012802
1156.00	0.64562702178955
1157.00	0.60483998060226
1158.00	0.59031397104263
1159.00	0.55656599998474
1160.00	0.49307999014854
1161.00	0.44861298799515
1162.00	0.43789499998093
1163.00	0.41697499155998
1164.00	0.35675901174545
1165.00	0.31710401177406
1166.00	0.31231001019478
1167.00	0.30178099870682
1168.00	0.2720539867878
1169.00	0.22980299592018
1170.00	0.22253100574017
1171.00	0.22150599956512
1172.00	0.20965699851513
1173.00	0.19455499947071
1174.00	0.18219299614429
1175.00	0.18162399530411
1176.00	0.18337500095367
1177.00	0.1793819963932
1178.00	0.18135300278664
1179.00	0.18342199921608
1180.00	0.18192300200462
1181.00	0.18164999783039
1182.00	0.1914409995079
1183.00	0.20891599357128
1184.00	0.2187539935112
1185.00	0.21069900691509
1186.00	0.20425499975681
1187.00	0.21456700563431
1188.00	0.23587499558926
1189.00	0.25004801154137
1190.00	0.24273799359798
1191.00	0.23178799450397
1192.00	0.22459299862385
1193.00	0.22834299504757
1194.00	0.23055499792099
1195.00	0.23063400387764
1196.00	0.22375899553299
1197.00	0.2172629982233
1198.00	0.22055099904537
1199.00	0.23016600310802
1200.00	0.23475900292397
